18200022003
18230055002
18230055002
18200055002
18750040003
18750040003
18701108027
18701108027
18701108027
18701108027
17710376089
17710376089
17710376089
18701108027
18701108027
20210616151804572160949
20210617090547904438107
18701108027
18701108027
18701108027
18701108027
18701108027
18701108027
18701108027
18701108027
18701108027
13416010001
18701108027
13416010001
18701108027
18701108027
13416010003
13428010001
18701108027
18701108027
13416010001
13416010001
17710376089
13428010002
13428010003
17710376089
17710376089
13416010003
13416010001
18701108027
18701108027
17710376089
17710376089
17710376089
18701108027
17710376089
18701108027
18701108027
13428010005
13428010005
13416010001
13428010005
13416010001
13416010001
13416010001
13416010001
13416010001
13416010001
13416010001
13416010001
18701108027
18701108027
18701108027
13592247737
13592247737
171111111
17111111111
171111111
15931369763
15931369763
13592247737
13522374752
13515650690
15955128710
13075018803
15556986691
18956862965
13515650690
13515650690
18733209897
18733209897
18733209897
13522374752
18804716319
04712919044
14741454278
13517401414
13522374752
13522374752
13934534012
17521038897
15369091368
15369091368
15389749333
02381511196
07712257570
13314664931
02260624673
02381511196
15645289175
15661360191
15145445139
18733209897
14785481343
055182191843
04712919045
15605677520
18599337077
13582504556
15044982250
15095374057
15508822322
02260624599
14751817951
18831038299
18893484845
02381511196
04712919045
055182191843
17144290839
17144290839
18893484845
18332166576
15072307474
07712257570
055182191843
07712257570
14785481343
15095374057
04712919044
13610990190
14782200053
13847987470
18677357487
13808554357
13522374752
13522374752
02260624599
18752623172
15666619763
17521068469
15159645774
15072307474
02381510195
18822097474
13517401414
13262911932
15836560928
13404307474
13404305454
07712257571
13522374752
13522374752
13522374752
055182191844
15572587085
17801433193
04712919044
17801431191
13522374752
13522374752
13522374752
13522374752
13522374752
13522374752
13522374752
14751817951
07712257571
13404307474
13934534012
15811153438
17801433453
18204816851
17801433446
17801431290
17801433413
17801433213
19831803444
19831803444
19832308078
18368664065
19832308078
17801433498
15133034777
17801433135
13934534012
17801431191
17801433171
17801433205
15129423064
15133034777
17801433156
15133034777
17801433450
17801433153
17801433193
17801433142
17801433213
15270300104
15270300104
17801433421
18317313661
17801433165
17801431208
17801431478
19835233669
17801433183
19835233669
17801433145
15236913488
17801433197
17801433294
17801433186
17801433290
17801431170
17801433183
17801433154
17801433149
17801433401
17801433162
17801433146
13237174767
02260624673
02260624673
18054118885
17801433257
17801433183
17801433275
18815939178
13994903040
13994903040
18815939178
17801433191
17801433151
17801431251
17801433238
17801433239
17801431478
13935719547
15630305986
17801433465
13910064693
13910064693
15630305986
13910064693
17801433194
17801433429
13522374752
13522374752
13522374752
17801433457
13934534012
13522374752
18893484845
04712919045
13404305454
17317253241
17879889144
15630305986
17801433227
14741454278
18317313661
17801433194
13303310020
13303310020
15130086585
18391101059
17801433140
18391101059
13515956523
18238680082
055182191844
02381511196
13315028052
17729709525
17729709525
13404307474
18893484845
13404307474
13404307474
18893484845
15930001513
15930001513
18179583851
13781211548
18822097474
15095374057
17581689294
18200224042
18200224042
18200224042
17612593499
15390342294
14782200053
04712919045
13404307474
02260624599
14785481343
055182191843
15929261627
13934534012
17801433164
17144163456
13294821293
18749271235
13654751380
13110051060
13110051060
13110051060
13110051060
16651199291
16651199291
16651199291
13848295050
15132002138
18005703616
01053945491
01053945490
18822097474
13404305454
4001402887
4006120169
07712257570
055182191843
14741454278
07712257571
13087130878
13087130878
057587727977
13087130878
15647289055
13464219160
15803101510
17581689294
17581689492
15841612555
13522374752
13934534012
15095374057
13517401414
17503760480
055182191844
055182191843
18007995513
15024866512
13310910192
13310910192
04712919044
07712257570
14798301518
02260624599
14751817951
04712919044
13404305454
15294903836
17581689492
055182191843
14751817951
04712919045
15045144740
14751817951
13649216782
15810784790
15830707523
15830707523
15235458818
18348864491
15282796331
18822097474
15049683200
15049683200
15830018890
15072307474
15830018890
15830018890
14751817951
13785011155
13948812149
18768975766
13948812149
4006120169
13091390805
13404307474
